1            
10           
102          
117          
121          
125          
127          
128          
13           
133          
139          
146          
15           
157          
158          
161          
168          
17           
173          
20           
200          
206          
208          
209          
210          
211          
215          
218          
221          
23           
234          
235          
236          
238          
25           
252          
253          
257          
26           
261          
265          
268          
269          
273          
274          
275          
277          
278          
28           
282          
283          
285          
286          
297          
301          
311          
314          
325          
33           
334          
341          
377          
38           
380          
398          
404          
410          
43           
44           
461          
477          
49           
494          
50           
523          
525          
535          
543          
554          
56           
57           
572          
578          
597          
602          
621          
636          
637          
639          
642          
647          
653          
67           
670          
673          
674          
68           
680          
689          
69           
71           
714          
721          
745          
75           
750          
76                                                                                          
764                                                                              
78                                                                                
784                                                                
785                                                                            
79                                                                                
80                                                                                 
801                                                                         
85                                                                             
88                                                                                 
90                                                                                  
91                                                 
98                                                                                              